750
56
680
793 881
979 617
363 615
946 751
935
48
171 437
700 960
23
567
596
251
2 825
496 469
588
996 350
779
902 995
64 619
436
196
484 410
224 454
899
586 44
527 735
38
466 101
228
328
393
859
579 920
975
85 327
225
179
548 195
694
603 15
158 236
980 409
320
102 805
508
539
210
406
742
951
570
241
678
747
999 795
585 622
908
492 199
950
397
623
845
712
143 188
916 797
736
730
181
820
109
997
198 290
139
550
246 99
578 744
399 982
883 481
280 853
850
275
533
288 737
13
606
230
497
637 858
707
462
81
450
306 27
750 8
838 124
774 40
587 169
136
68 344
788 153
886
708
190 262
418 661
563 336
593
110
608 801
46 414
890
493
826
100
74
257 368
724
189
501 973
584
412
234 18
211
925
728
618 155
758 32
824 494
896
936
897 482
683 67
552 929
441
775
22
9
221 471
464 330
699 94
710 697
215 932
209
777
226 528
295 817
551
558 20
957 857
892 796
673 513
591
964
605
516
268
435
677
802
575
970
967 547
98
140
595 664
126 373
121
201
337 953
369
767
867
520
338 405
834 252
672
974 686
45
335 794
860
21
203
119 415
868 800
73
931
322 249
592
55 862
324 341
281
580 443
538
214 394
634 620
927 835
428 705
446
89
266 490
128 134
676 138
387
17
940 991
439
923
556
66 703
197
60
417 840
969
509
557
644
309
536
34
175 26
395 524
333
430
507
117 846
429
626
893
347
907
663
604
577 675
316
889
57 231
852
878
945 511
11
298
754
926
806 388
286
103
769 947
568 108
531
313
291 402
3
576
62
0 956
131 808
928 80
176
614
7
963
4
823
460
784
654
865
669
206 270
723
499
532
743
648
702
888
706
638
599 937
120
28
1
192
698 72
668 832
503 6
148
245
427 339
864
218 583
874
633 424
43
14
112
445 183
37 383
159
370
404
546
149
645
569
160 434
468
502
830
594
53 814
682
487 770
782 885
116 182
172 681
375 866
759 259
819
679
696 242
113
287
600 847
477
559
831
331 833
598 51
939
526
971
616
75
734
649
741
611
348
82 452
478 609
272
987
898 873
279
178
839
95 653
65 459
749 204
194
467
815
657 355
732
283
746
170
486
691
317
357
351
107
448
914
959
627
849
639
647
500
906
660 765
692
267
457
463
727
613
476 200
739
238 244
319
666 376
733
364
590 165
545 144
651 879
709 129
757
745
451
773 912
589 670
432 52
378
70
456
871 371
718
254
277
778
340
284
564 861
961 133
366 345
485
921
809
711 763
684 227
342
828 422
191 438
69 162
83
930 891
918 571
764
803
312
58 726
253 118
635 813
738
239
909 458
529 525
90
314
161 49
353 952
913
389
325
359 30
125
61 151
948
346
582 173
659 993
512 470
411
269 988
510 137
96 984
36 624
667
84 91
54 392
962
719
440
425
374
205
607 903
990 572
636 304
498 455
233
358
35
882 841
78
811
449 721
985 372
453
799
265
271 562
104 553
127
217
76 147
565
955
219
278
505
63
71 872
334
506
919 625
827
300
810 573
362
790
141
994
193
934 93
299
941 386
416
398 894
655
377
781 444
515
164
780
658
949 365
631 977
869
222
514
92
688
715 273
787
16
310 475
390 115
602
25
855
255
247
917
642
180 263
942
541
465 146
756
423
630 318
111
632 716
851
843
966
983
354
356
933
685 522
504
166
296
479
938
293
489
323
135
39
876 943
786
713
77
656
621
693
213
332
315
818 474
771
560
216
731 407
59 915
542 243
895
420
274
250 426
911 760
519
235
848
381
981 307
791
220
976
690
904 665
884 740
261
924
650
184
755
717 31
844
722
978
807
574
384 544
821
816 612
41
433
748
400
232
863
887
812
729
922
880
829
42
276
132
652
5
237 105
555
540
842
646
766
24
260
877
789 12
671
776
303
282
687
379
854
240
174
704
473
360
495 566
391
19
523 114
972
329
491
258
167
326
311
86 447
29
442
610
989
870
480
910 537
992
641
308
968 856
349
152 837
597
33
361
396
403 289
965 662
367
302
472
725
517 534
554
785
901 461
352
761
998
142
822
185 150
202
535 130
168 689
207 581
212
229
762 256
123 382
530
163 695
380
628 297
385 518
483
154
343 701
905
79 88
772
836
944
768
145
177
549
431
783 543
629
292
792
47 157
264 10
421
958 156
50
804
900
186
294
305
419 413
798 521
753 643
752 714
248 674
640
208
601 285
301
488
875
223 321
954
986
561
87
97 408
106
720 401
187
122
